"","Q2.5_1990","Med_1990","Q97.5_1990","Q2.5_2020","Med_2020","Q97.5_2020"
"1",256831.201755447,329812.544216471,420349.536237114,394753.820029165,505562.079283508,647624.298741409
"2",10186.8617528644,12901.4368655303,17217.9077033876,17322.2160901178,22464.2935138928,30953.809821719
"3",0.00773206524069082,0.00992921456446789,0.0126548877856916,0.00783670486115905,0.0100364850276713,0.0128567229312095
"4",0.00548228459488988,0.00673113391405632,0.00915658448327663,0.00639834986860481,0.00801305359997341,0.0107551474353427
"5",0.0112012698244943,0.0159428375038472,0.0204952608343735,0.0115871698977556,0.0156995042633698,0.021682839191972
"6",0.00117626991252259,0.00151692323049916,0.00194133790327817,0.00103365051702238,0.00138565732856665,0.0018139828991932
"7",0.0142631069633281,0.0183442971159689,0.0237124183613979,0.0120292271813118,0.0151937979169944,0.0198724741092499
"8",1066.78087901373,1368.16387592956,1800.50676290456,1942.07684060614,2409.83907765914,3371.72905344339
"9",NA,NA,NA,NA,NA,NA
"10",NA,NA,NA,NA,NA,NA
"11",NA,NA,NA,NA,NA,NA
